475
534
158
129
453
327
375
289
430
68
305
515
518
156
578
348
567
577
453
279
126
116
574
305
325
306
200
418
502
584
119
483
578
104
177
118
88
215
230
438
441
154
185
500
199
77
199
75
286
63
413
457
555
238
110
186
513
458
193
402
122
177
417
559
2
382
102
57
160
343
240
327
454
210
228
495
79
378
440
386
328
404
16
522
415
408
483
520
408
543
183
398
359
288
384
294
199
398
544
197
409
458
377
176
576
32
510
265
193
152
127
222
89
252
219
326
142
249
488
529
559
436
430
451
344
210
417
404
173
420
541
551
311
21
44
277
37
369
267
381
42
51
539
435
292
115
227
578
157
195
570
567
50
493
58
180
577
3
528
189
7
450
520
218
439
155
310
385
399
535
487
152
365
495
574
68
374
6
138
57
87
115
524
559
317
350
7
245
334
54
296
116
258
397
581
555
300
585
258
50
491
344
190
261
494
407
188
503
100
487
86
248
112
253
91
293
91
28
593
531
452
416
598
367
386
554
248
53
51
547
317
91
269
463
556
528
81
48
74
551
479
332
545
122
509
140
123
365
249
265
212
169
510
221
293
377
123
435
237
76
318
45
426
359
304
344
405
62
498
526
100
31
286
120
169
20
312
165
535
147
427
379
388
403
256
265
458
77
49
294
272
445
563
570
118
515
90
168
558
186
126
348
573
181
11
46
400
561
327
283
36
43
245
421
477
214
478
415
0
561
591
390
141
123
493
63
12
124
429
209
105
329
568
15
177
83
348
37
412
205
310
19
125
416
450
299
436
181
293
251
228
87
90
432
440
314
225
351
281
172
198
89
571
302
237
338
398
422
171
206
271
53
599
57
550
320
64
161
299
245
256
323
218
340
350
582
597
415
538
223
385
456
25
178
408
469
376
259
589
570
460
318
39
236
472
33
4
525
1
427
151
329
587
385
413
204
471
173
312
14
180
67
302
332
361
530
116
51
213
243
308
387
573
114
327
199
236
462
195
277
442
438
428
486
563
97
417
243
448
346
550
345
115
319
583
300
411
540
220
452
120
569
23
469
112
325
10
377
256
517
406
434
374
269
103
119
467
473
11
269
46
544
1
359
579
302
238
539
99
165
226
146
237
303
393
444
2
443
38
6
471
393
314
89
299
123
2
224
263
19
175
430
277
283
518
73
465
45
79
487
349
527
3
571
441
354
287
516
495
304
294
139
133
23
474
319
443
86
515
406
332
531
568
210
569
175
545
309
521
583
512
307
405
576
68
283
15
477
293
377
547
552
406
491
294
19
139
22
131
425
412
316
580
343
474
412
382
280
87
255
437
121
82
506
310
330
111
573
76
350
293
246
377
487
273
27
574
536
505
490
